[IMG_1933.JPG]
filters=finetune2=1,0.000000,0.000000,0.070175,00000000,0.000000;
moddate=90e1c72f85f2ca01
width=2272
height=1704
textactive=0
